48 INDEX.

171-15), 28, 24(-“), -55
(5155511133, 7.

rigor: —is 23,19 per -em
campen 20, 26 21, 2. 25,
10, -1515155155 24, 7, in
—re 25, 8.

3155531515 136, 4.

S.

5531115115-115 51115 via,
sanetum (115511.) 35, 24.
5111152321.

saxo (abl.) 35, 21.

scamnum 24, 113 -ο (1151.)
153515151532, 11, tribunorum
ib; -ο (abl.) 26,11, -is
(511131, 1. 11, 11.

scholae (51551.) 26, 10.

scribo ef. supra.

secundum praep. 23, 2.

securiori 1555 35, 10.

semis: duo semis 27, 20. 23,
4, -15555 25, 8.

semistrigium passim, -i lati-
tudo 19, 6. 20, 4

5511511120, 4, -15 portionibus

5511151 centro. 36, 22.

sesquiplicarii (51551.) 24, 23

53155515555 21,18

51 5555151, quarto enuntiati
1555 positam 22, 17.

51551 20, 18.

5135553155. )imperitiae 34, 18
-a (51515.) == 51355 1511115115
24, 9, item -orum 20, 20,
signa == lonpias 5551515135Ι
15114321), 13. 23. 30, 6 20.
33, 25, 111555 5195115111 30, 1
-5 (1151 ,1.

511511115124, 16. 33, 4. 35, 18
5111555151, -5120, 7.

singulae( (55 centuriae, 51551.)
19, 13, 15-55535515521, 15,

singulares 51515 eques.
5151511515151522,5.
51152317511555151 555 333
5511151111511151534,11.
solum: —i 5155115 26, 23. 37,
3,-11151,,-515362 (-555.)
solummodo 36, 3.
53551553151513.) 35, 11, -515-
gulas 21, 15. 14, 15.
spectare 24,9. 37, .,8 20, 5115
5515111151.

. spero 1515511515 1515515155 35, 4.

51511551 23, 2, -ne 30, 14.

staterum strigae 2521, -een
15115528,23.211,16.

statuamus 30, 103 -1151 (tri-
bunal) 2313, -55151373
111- -enda(metetione) 23, 24.

’ stellam 23,13.

51551151 pedatura 21, 9. 32, 17,
-155 adu. 32, 22.

511135 (51515) 19, 9 11155115,
-122, 7· -15 (561) 22 24.’

sub praep. passim.

subiaceant 55511 dat. 37, 7.

subiecimus absol 20, 15, -1551
1511555527,18,151155-15515
551 20, 19, 15 forma -1551
51552421).

subita 37, 20.

1516511511 36,10, -515111
22, 20,-1511123, 3. 26, 8.
13,11,-15115 (3511511115)-
3315.

sumere: —0 33,16,-111155
31, 7, —pta 111115 1111516155.

super 5551 1111111515,
cam 555. 21, 21 26, 1. 21,
8 33 2, -praeter 24 25.

superiores strigae 24, 7, -
pedes (11551.) 31, 17, eum
-iore (15511) 28, 8.

supernumerarii 26, 5, -151551
28, 24, -ios 33, 21.

 

